SM:2025-10-08T11:12:24.1983961Z
LM:2025-10-08T12:01:48.5274438Z
CT:image/jpeg
MA:2592000
CL:40636
