SM:2025-11-13T11:46:42.5241500Z
LM:2025-11-13T11:46:42.9454240Z
CT:image/jpeg
MA:2592000
CL:6201
