SM:2025-10-08T11:12:24.1555796Z
LM:2025-10-08T12:01:48.5286027Z
CT:image/jpeg
MA:2592000
CL:56859
