SM:2025-11-11T20:22:01.1683524Z
LM:2025-11-26T12:58:09.4161997Z
CT:image/png
MA:2592000
CL:41495
