SM:2025-11-13T11:52:31.1855066Z
LM:2025-11-26T12:12:43.8303455Z
CT:image/jpeg
MA:2592000
CL:100823
