SM:2025-11-11T20:26:20.3899542Z
LM:2025-11-11T20:26:20.7444035Z
CT:image/png
MA:2592000
CL:64746
