SM:2025-10-08T11:12:24.1732841Z
LM:2025-10-08T11:12:29.1626422Z
CT:image/jpeg
MA:2592000
CL:412650
