SM:2025-11-26T12:57:41.2552363Z
LM:2025-11-26T12:58:41.5908659Z
CT:image/jpeg
MA:2592000
CL:33803
