SM:2025-11-11T20:22:01.1683524Z
LM:2025-11-11T20:22:01.5660109Z
CT:image/png
MA:2592000
CL:67682
