SM:2025-10-08T11:12:24.1983961Z
LM:2025-10-08T12:36:44.4855643Z
CT:image/jpeg
MA:2592000
CL:1043766
