SM:2025-11-11T20:29:18.9148346Z
LM:2025-11-11T20:29:20.3489420Z
CT:image/png
MA:2592000
CL:28292
