SM:2025-11-13T11:52:31.1855066Z
LM:2025-11-13T11:52:31.3271864Z
CT:image/jpeg
MA:2592000
CL:7483
