SM:2025-10-08T11:12:24.1555796Z
LM:2025-10-08T13:09:53.6858340Z
CT:image/jpeg
MA:2592000
CL:900946
